72
426
776
955
1953
1980
2490
2513
2910
3102
3137
3282
3401
3780
3800
3805
4246
4310
4312
4315
5503
5557
5825
5844
5845
6024
6188
6417
6454
6571
7520
7806
8828
8832
8885
9368
9765
9766
10272
10338
10339
10340
10341
10342
10343
10344
10345
10346
10619
10738
10742
10748
10996
11069
11456
11469
11907
12309
12314
12316
12318
12319
12320
12323
12325
12326
12327
12333
12335
12336
12355
12689
13747
13748
13757
13759
13761
13763
13767
13768
13769
13770
13771
13772
13773
13779
13826
14197
14398
15246
15251
15378
15787
15788
16103
16123
16761
16784
16792
16950
17500
17765
17782
17784
18030
19526
20337
20344
20493
20567
20635
21892
22047
22224
22570
22739
23542
23716
23720
23877
24585
24599
24601
24602
24603
24648
24657
24698
24699
24700
24701
24703
24704
24705
25799
