394
400
426
496
512
579
686
689
1381
1398
1718
1980
1986
2513
3079
3102
3140
3282
3430
3438
3522
3560
3800
3802
3805
4322
4480
4629
4732
4741
5111
5305
5322
5325
5557
6067
6135
6179
6184
6188
6571
6999
7520
7697
7806
7853
7936
8152
8179
8265
8351
8376
8885
8887
9035
9230
9368
9961
9962
10272
10278
10742
10822
10824
11132
11377
11456
11653
11679
11892
11895
11901
11904
11907
12026
12355
12671
12708
13288
13749
13822
13826
14379
14398
14630
14746
15251
15301
15592
15780
15781
15846
15987
16089
16103
16105
16123
16422
16512
16761
16771
16815
16946
16957
17158
17474
17500
17570
17914
18558
18605
18732
18748
18999
19000
19002
19102
19268
19552
20280
20340
20452
20493
20567
20635
21124
21265
21636
21638
21643
21747
21892
22047
22221
22513
22529
22733
23216
23373
23381
23542
23686
23698
23709
23713
23716
23720
23877
23878
23967
24081
24106
24108
24154
24157
24698
24699
24700
24701
24705
25368
25799
25808
